27 20 30 3 13 18 13 20 23 15 19 5 11 27 19 22 30 13 19 6 11 4 22 13 14 21 25 11 30 24 30 16
12 16 12 21 23 2 29 18 5 9 4 20 24 30 9 20 3 17 18 28 30 11 23 26 30 22 13 19 30 3 3 30
18 20 23 19 24 7 24 21 17 20 6 13 16 17 22 22 16 17 27 25 6 2 12 14 4 23 24 12 19 5 29 20
3 19 27 3 28 16 25 27 2 14 26 9 27 1 16 15 6 16 14 14 25 2 10 16 23 16 6 30 22 25 7 14
4 6 15 2 9 20 22 18 25 19 16 20 7 19 30 3 21 18 29 3 17 19 3 16 17 29 22 12 3 22 23 29
7 18 21 14 10 8 21 16 22 7 28 25 20 25 11 21 8 16 20 14 18 21 14 12 8 25 9 29 17 23 4 17
21 30 5 27 9 5 21 25 18 15 19 2 8 26 16 17 21 5 28 20 30 16 8 7 11 30 28 6 6 14 8 14
9 11 18 27 4 16 21 5 10 14 2 7 3 6 26 10 24 4 7 17 19 19 15 26 13 27 19 18 16 1 14 23
22 6 14 20 23 6 17 3 23 28 5 12 27 15 27 29 20 24 10 12 18 13 19 9 14 19 4 6 26 11 23 22
12 26 14 14 10 21 21 3 9 26 16 19 2 24 11 8 15 27 7 27 18 15 13 21 13 28 22 15 23 15 27 3
23 5 28 18 26 6 20 7 4 4 2 24 4 17 24 7 18 21 2 29 4 28 8 11 25 15 22 10 7 3 21 23
11 6 29 19 24 15 23 5 15 3 12 17 28 17 29 23 20 13 16 3 8 16 25 23 8 21 4 15 22 18 11 9
19 14 6 5 6 19 22 18 2 25 11 12 5 6 10 5 16 3 20 1 4 30 7 1 6 20 29 1 7 19 23 23
18 2 6 19 17 29 15 11 5 23 19 10 18 16 22 26 17 21 17 2 10 27 26 3 17 10 20 13 24 10 11 5
12 23 25 12 26 20 1 1 3 18 12 1 7 22 18 6 16 25 28 30 15 27 30 10 15 28 24 4 29 5 29 23
15 5 13 20 26 23 25 11 5 27 13 8 1 13 11 24 9 22 18 3 5 26 25 11 7 22 4 6 7 12 22 14
29 22 21 25 28 27 14 17 7 4 21 3 21 3 29 15 16 12 4 26 25 29 20 17 10 21 6 1 8 12 4 17
1 10 22 17 15 8 25 27 4 28 14 20 18 17 28 22 4 23 22 11 6 18 13 9 11 3 22 15 20 15 12 28
2 9 7 2 29 3 14 9 18 6 27 20 20 24 11 5 26 19 9 26 29 24 3 15 29 22 23 29 14 2 25 9
20 8 13 2 19 24 12 4 16 6 27 6 2 11 19 11 20 12 7 1 15 17 4 24 24 7 19 6 13 5 17 8
24 28 9 7 4 12 24 21 15 18 5 22 6 23 7 15 24 25 13 22 22 29 18 23 27 15 15 7 30 21 10 9
8 13 6 29 17 22 9 16 23 20 11 20 8 1 5 13 22 4 14 6 6 10 14 30 18 15 16 19 7 10 13 6
3 20 30 14 7 4 18 22 19 25 18 23 19 6 16 8 15 26 15 9 22 16 20 8 6 27 28 30 6 9 26 7
19 12 24 14 30 24 3 6 8 8 25 13 15 27 4 10 27 18 28 15 22 30 13 20 26 19 25 11 17 1 7 14
14 18 11 27 26 29 24 22 19 9 16 10 8 22 7 15 18 5 6 29 21 10 17 18 13 29 11 24 21 2 22 13
23 24 25 10 29 23 28 24 27 28 18 20 17 24 12 6 30 27 9 28 29 23 22 10 19 29 23 4 22 24 15 19
6 17 5 21 1 2 2 16 29 4 13 4 22 9 15 2 4 14 28 9 30 22 26 19 16 9 14 13 23 29 20 9
15 12 27 21 24 7 23 16 3 9 7 12 26 12 11 2 16 14 21 8 26 21 17 16 13 27 4 1 6 21 30 28
8 27 20 8 6 11 9 8 4 11 30 1 18 2 28 21 23 6 16 15 28 26 24 3 27 5 28 29 25 22 7 28
28 25 24 8 11 1 22 17 14 12 16 14 21 1 26 7 3 13 13 26 18 22 28 10 9 20 28 13 8 10 5 24
19 8 8 4 13 13 18 7 28 25 7 18 14 3 6 5 25 23 3 3 24 27 13 25 18 3 27 21 27 20 16 21
6 1 8 6 16 19 20 15 28 1 18 22 6 3 9 21 5 11 22 21 11 19 2 3 14 18 30 30 11 25 7 10
