20 7 1 1 8 18 7 7 14 11 20 8 16 20 3 1 16 4 4 9 18 28 15 23 22 2 22 28 8 10 22 10
7 27 19 25 30 13 3 22 16 20 28 12 6 5 14 27 23 6 14 17 11 9 6 11 30 16 4 21 19 30 2 23
11 6 29 22 24 11 21 20 9 6 10 13 5 12 3 19 11 15 21 17 21 30 24 16 22 6 12 4 26 14 10 28
16 8 14 6 29 30 24 30 22 20 15 29 19 19 22 21 11 9 12 22 10 30 13 11 9 1 26 7 20 13 24 9
26 4 28 21 2 15 21 12 1 3 5 12 1 23 21 5 14 11 18 7 21 9 24 12 12 13 16 21 29 4 29 14
17 14 4 29 6 1 17 30 18 13 18 7 24 9 8 11 17 13 4 15 5 17 10 14 20 17 14 18 4 11 9 1
8 9 18 30 2 5 28 20 29 12 14 16 2 28 30 2 2 19 13 18 24 10 29 30 19 5 27 20 7 22 25 20
3 12 23 21 22 27 20 5 4 17 11 6 12 19 3 6 22 15 15 18 15 25 30 24 20 30 18 7 26 8 27 29
3 26 2 29 15 12 18 13 18 1 2 15 5 23 14 5 4 3 8 30 10 21 24 23 15 25 21 24 22 23 12 5
21 14 5 19 19 10 7 26 10 29 13 26 8 21 23 24 3 22 28 24 19 12 30 4 15 4 6 8 28 21 3 28
20 1 26 24 3 1 2 11 1 2 8 11 12 28 2 21 30 15 25 6 13 24 5 8 11 22 14 18 30 25 16 28
4 29 25 13 29 29 23 9 15 19 27 19 14 22 29 12 15 24 26 27 3 5 20 17 17 12 18 21 3 15 24 16
20 12 11 24 14 15 25 30 13 19 28 23 26 6 13 17 15 28 26 13 25 14 2 12 17 4 21 14 20 6 10 12
15 29 24 26 7 6 8 3 5 27 20 26 2 6 22 20 5 22 19 25 1 2 18 25 27 1 19 18 10 7 24 25
6 9 26 16 22 16 17 7 10 4 27 23 11 17 11 17 23 2 29 11 22 26 2 17 22 2 23 4 8 5 26 3
1 16 11 3 9 6 6 9 25 15 11 24 13 23 28 3 26 5 9 21 15 29 24 28 7 17 11 18 15 1 12 11
12 17 15 3 16 6 29 14 5 26 5 16 8 18 14 2 12 17 9 12 19 25 5 22 8 22 5 19 11 12 10 8
8 17 10 1 5 13 2 13 4 27 22 18 27 27 5 24 17 2 27 7 11 19 10 22 9 7 8 30 10 17 10 27
10 26 10 1 4 7 16 8 14 12 18 1 5 14 18 29 9 2 11 16 5 2 23 12 23 10 17 15 14 12 28 27
18 18 3 11 25 1 7 15 13 20 16 3 23 11 18 5 28 26 7 18 1 27 18 25 3 16 16 14 20 3 6 23
14 7 26 1 27 16 23 19 23 19 3 22 13 3 22 9 10 14 1 6 17 27 3 2 20 1 2 8 21 24 8 12
10 11 22 8 26 27 21 25 2 25 26 3 29 18 18 23 10 23 17 12 15 6 28 26 23 14 19 27 2 23 28 18
29 26 14 16 23 5 25 7 22 30 18 26 7 27 19 2 26 3 15 4 3 28 22 11 28 6 22 24 13 5 7 6
18 12 26 5 20 22 16 23 1 23 16 12 4 17 8 9 15 18 2 8 12 6 23 4 28 30 28 24 1 27 16 25
20 12 19 18 13 14 18 19 19 26 13 12 25 25 14 22 8 9 24 9 3 7 25 9 17 2 13 4 2 13 12 24
5 28 16 15 25 16 19 26 7 23 22 18 5 2 23 8 1 18 29 26 27 19 1 21 29 2 27 7 4 29 9 2
29 27 24 18 13 22 18 5 3 19 17 7 11 16 15 28 2 14 6 13 7 5 2 5 8 2 3 20 13 20 19 8
9 16 3 29 17 4 29 8 4 11 20 24 26 24 11 14 13 15 24 5 8 20 15 21 17 8 23 3 14 2 9 15
16 26 8 6 18 4 17 5 20 30 10 19 16 13 19 14 21 19 22 16 25 11 19 4 17 25 23 22 20 6 14 25
15 21 7 29 15 5 14 19 26 15 5 20 8 22 30 5 10 4 18 16 14 2 24 23 15 9 28 1 11 7 14 13
3 24 12 2 12 11 28 24 8 25 10 3 6 30 28 17 28 28 21 5 28 18 24 3 5 26 7 8 3 24 26 16
15 3 23 3 17 28 3 8 28 9 18 21 8 4 18 3 29 24 22 6 13 12 15 8 22 6 5 21 13 7 5 13
